\begin{sidewaystable}
\centering
\caption{Correlation matrix 1 year} 
\resizebox{\textwidth}{!}{\begin{tabular}{rrrrrrrrrrrrrrrrrr}
  \bottomrule
      & 1     & 2     & 3     & 4     & 5     & 6     & 7     & 8     & 9     & 10    & 11    & 12    & 13    & 14    & 15    & 16    & 17   \\
  \midrule
BMRatio (1)                  & 1.00  & -0.08 & -0.02 & 0.01  & -0.04 & -0.07 & 0.04  & 0.04  & -0.05 & -0.06 & -0.05 & -0.01 & -0.04 & 0.06  & -0.05 & 0.13  & -0.02 \\
SIZERatio (2)                & -0.08 & 1.00  & 0.03  & -0.03 & -0.05 & 0.06  & -0.04 & -0.06 & 0.04  & 0.12  & 0.10  & -0.13 & 0.00  & -0.17 & -0.05 & 0.04  & 0.20  \\
EPRatio (3)                 & -0.02 & 0.03  & 1.00  & 0.03  & -0.02 & 0.01  & 0.05  & 0.00  & 0.08  & 0.02  & 0.00  & -0.01 & 0.01  & -0.06 & 0.03  & 0.01  & 0.01  \\
BMIndex\_YR1 (4)        & 0.01  & -0.03 & 0.03  & 1.00  & 0.00  & -0.11 & -0.34 & 0.06  & -0.20 & -0.02 & 0.07  & 0.06  & -0.01 & -0.01 & -0.07 & -0.03 & 0.01  \\
BBBEE\_Rank (5)         & -0.04 & -0.05 & -0.02 & 0.00  & 1.00  & 0.00  & 0.00  & 0.00  & -0.03 & -0.02 & 0.11  & 0.11  & -0.02 & 0.01  & -0.03 & -0.19 & 0.01  \\
SIZEIndex\_YR1 (6)      & -0.07 & 0.06  & 0.01  & -0.11 & 0.00  & 1.00  & -0.60 & -0.28 & -0.15 & -0.04 & 0.04  & -0.01 & 0.02  & 0.08  & -0.03 & -0.09 & -0.01 \\
MarketPremium\_YR1 (7)  & 0.04  & -0.04 & 0.05  & -0.34 & 0.00  & -0.60 & 1.00  & -0.07 & 0.39  & 0.06  & 0.00  & 0.01  & -0.03 & -0.12 & 0.01  & 0.09  & 0.01  \\
RiskFreeReturn\_YR1 (8) & 0.04  & -0.06 & 0.00  & 0.06  & 0.00  & -0.28 & -0.07 & 1.00  & -0.05 & 0.02  & -0.03 & -0.01 & -0.03 & -0.05 & 0.05  & 0.07  & -0.02 \\
SharePriceReturn\_YR1 (9) & -0.05 & 0.04  & 0.08  & -0.20 & -0.03 & -0.15 & 0.39  & -0.05 & 1.00  & 0.04  & 0.04  & -0.05 & 0.02  & -0.11 & 0.04  & 0.04  & 0.03  \\
Consumer Goods (10)     & -0.06 & 0.12  & 0.02  & -0.02 & -0.02 & -0.04 & 0.06  & 0.02  & 0.04  & 1.00  & -0.16 & -0.09 & -0.06 & -0.16 & -0.11 & -0.11 & -0.06 \\
Financials (11)         & -0.05 & 0.10  & 0.00  & 0.07  & 0.11  & 0.04  & 0.00  & -0.03 & 0.04  & -0.16 & 1.00  & -0.18 & -0.12 & -0.32 & -0.22 & -0.22 & -0.11 \\
Technology (12)         & -0.01 & -0.13 & -0.01 & 0.06  & 0.11  & -0.01 & 0.01  & -0.01 & -0.05 & -0.09 & -0.18 & 1.00  & -0.07 & -0.18 & -0.13 & -0.13 & -0.06 \\
Healthcare (13)         & -0.04 & 0.00  & 0.01  & -0.01 & -0.02 & 0.02  & -0.03 & -0.03 & 0.02  & -0.06 & -0.12 & -0.07 & 1.00  & -0.12 & -0.08 & -0.08 & -0.04 \\
Industrials (14)        & 0.06  & -0.17 & -0.06 & -0.01 & 0.01  & 0.08  & -0.12 & -0.05 & -0.11 & -0.16 & -0.32 & -0.18 & -0.12 & 1.00  & -0.23 & -0.22 & -0.11 \\
Consumer Services (15)  & -0.05 & -0.05 & 0.03  & -0.07 & -0.03 & -0.03 & 0.01  & 0.05  & 0.04  & -0.11 & -0.22 & -0.13 & -0.08 & -0.23 & 1.00  & -0.16 & -0.08 \\
Basic Materials (16)    & 0.13  & 0.04  & 0.01  & -0.03 & -0.19 & -0.09 & 0.09  & 0.07  & 0.04  & -0.11 & -0.22 & -0.13 & -0.08 & -0.22 & -0.16 & 1.00  & -0.07 \\
Telecommunications (17) & -0.02 & 0.20  & 0.01  & 0.01  & 0.01  & -0.01 & 0.01  & -0.02 & 0.03  & -0.06 & -0.11 & -0.06 & -0.04 & -0.11 & -0.08 & -0.07 & 1.00             \\ 
   \bottomrule
\end{tabular}}
\end{sidewaystable}

\begin{sidewaystable}
\centering
\caption{Correlation matrix 2 year} 
\resizebox{\textwidth}{!}{\begin{tabular}{rrrrrrrrrrrrrrrrrr}
  \bottomrule
      & 1     & 2     & 3     & 4     & 5     & 6     & 7     & 8     & 9     & 10    & 11    & 12    & 13    & 14    & 15    & 16    & 17   \\
  \midrule
BMRatio (1)                  & 1.00  & -0.08 & -0.02 & -0.06 & -0.04 & -0.08 & 0.08  & 0.03  & 0.13  & -0.06 & -0.05 & -0.01 & -0.04 & 0.06  & -0.05 & 0.13  & -0.02 \\
SIZERatio (2)                & -0.08 & 1.00  & 0.03  & 0.12  & -0.05 & 0.08  & -0.11 & -0.04 & -0.04 & 0.12  & 0.10  & -0.13 & 0.00  & -0.17 & -0.05 & 0.04  & 0.20  \\
EPRatio (3)                 & -0.02 & 0.03  & 1.00  & -0.04 & -0.02 & -0.03 & 0.03  & -0.01 & 0.09  & 0.02  & 0.00  & -0.01 & 0.01  & -0.06 & 0.03  & 0.01  & 0.01  \\
BMIndex\_YR1 (4)        & -0.06 & 0.12  & -0.04 & 1.00  & -0.01 & 0.66  & -0.71 & 0.39  & -0.34 & -0.02 & 0.02  & 0.02  & 0.01  & -0.03 & -0.01 & -0.01 & 0.02  \\
BBBEE\_Rank (5)         & -0.04 & -0.05 & -0.02 & -0.01 & 1.00  & -0.01 & 0.01  & 0.00  & -0.04 & -0.02 & 0.11  & 0.11  & -0.02 & 0.01  & -0.03 & -0.19 & 0.01  \\
SIZEIndex\_YR1 (6)      & -0.08 & 0.08  & -0.03 & 0.66  & -0.01 & 1.00  & -0.91 & -0.06 & -0.40 & -0.04 & 0.03  & 0.04  & 0.04  & 0.03  & -0.03 & -0.07 & 0.01  \\
MarketPremium\_YR1 (7)  & 0.08  & -0.11 & 0.03  & -0.71 & 0.01  & -0.91 & 1.00  & -0.02 & 0.46  & 0.05  & -0.05 & -0.03 & -0.02 & -0.05 & 0.05  & 0.07  & -0.01 \\
RiskFreeReturn\_YR1 (8) & 0.03  & -0.04 & -0.01 & 0.39  & 0.00  & -0.06 & -0.02 & 1.00  & -0.03 & 0.01  & -0.02 & 0.00  & -0.03 & -0.06 & 0.05  & 0.08  & -0.03 \\
SharePriceReturn\_YR1 (9) & 0.13  & -0.04 & 0.09  & -0.34 & -0.04 & -0.40 & 0.46  & -0.03 & 1.00  & 0.02  & 0.03  & -0.02 & 0.07  & -0.08 & 0.02  & 0.00  & -0.01 \\
Consumer Goods (10)     & -0.06 & 0.12  & 0.02  & -0.02 & -0.02 & -0.04 & 0.05  & 0.01  & 0.02  & 1.00  & -0.16 & -0.09 & -0.06 & -0.16 & -0.11 & -0.11 & -0.06 \\
Financials (11)         & -0.05 & 0.10  & 0.00  & 0.02  & 0.11  & 0.03  & -0.05 & -0.02 & 0.03  & -0.16 & 1.00  & -0.18 & -0.12 & -0.32 & -0.22 & -0.22 & -0.11 \\
Technology (12)         & -0.01 & -0.13 & -0.01 & 0.02  & 0.11  & 0.04  & -0.03 & 0.00  & -0.02 & -0.09 & -0.18 & 1.00  & -0.07 & -0.18 & -0.13 & -0.13 & -0.06 \\
Healthcare (13)         & -0.04 & 0.00  & 0.01  & 0.01  & -0.02 & 0.04  & -0.02 & -0.03 & 0.07  & -0.06 & -0.12 & -0.07 & 1.00  & -0.12 & -0.08 & -0.08 & -0.04 \\
Industrials (14)        & 0.06  & -0.17 & -0.06 & -0.03 & 0.01  & 0.03  & -0.05 & -0.06 & -0.08 & -0.16 & -0.32 & -0.18 & -0.12 & 1.00  & -0.23 & -0.22 & -0.11 \\
Consumer Services (15)  & -0.05 & -0.05 & 0.03  & -0.01 & -0.03 & -0.03 & 0.05  & 0.05  & 0.02  & -0.11 & -0.22 & -0.13 & -0.08 & -0.23 & 1.00  & -0.16 & -0.08 \\
Basic Materials (16)    & 0.13  & 0.04  & 0.01  & -0.01 & -0.19 & -0.07 & 0.07  & 0.08  & 0.00  & -0.11 & -0.22 & -0.13 & -0.08 & -0.22 & -0.16 & 1.00  & -0.07 \\
Telecommunications (17) & -0.02 & 0.20  & 0.01  & 0.02  & 0.01  & 0.01  & -0.01 & -0.03 & -0.01 & -0.06 & -0.11 & -0.06 & -0.04 & -0.11 & -0.08 & -0.07 & 1.00 
           \\ 
   \bottomrule
\end{tabular}}
\end{sidewaystable}

\begin{sidewaystable}
\centering
\caption{Correlation matrix 3 year} 
\resizebox{\textwidth}{!}{\begin{tabular}{rrrrrrrrrrrrrrrrrr}
  \bottomrule
      & 1     & 2     & 3     & 4     & 5     & 6     & 7     & 8     & 9     & 10    & 11    & 12    & 13    & 14    & 15    & 16    & 17   \\
  \midrule
BMRatio (1)                  & 1.00  & -0.08 & -0.02 & -0.06 & -0.04 & -0.07 & 0.08  & 0.03  & 0.12  & -0.06 & -0.05 & -0.01 & -0.04 & 0.06  & -0.05 & 0.13  & -0.02 \\
SIZERatio (2)                & -0.08 & 1.00  & 0.03  & 0.12  & -0.05 & 0.08  & -0.11 & -0.03 & -0.06 & 0.12  & 0.10  & -0.13 & 0.00  & -0.17 & -0.05 & 0.04  & 0.20  \\
EPRatio (3)                 & -0.02 & 0.03  & 1.00  & -0.02 & -0.02 & 0.00  & 0.02  & 0.00  & 0.07  & 0.02  & 0.00  & -0.01 & 0.01  & -0.06 & 0.03  & 0.01  & 0.01  \\
BMIndex\_YR1 (4)        & -0.06 & 0.12  & -0.02 & 1.00  & -0.01 & 0.79  & -0.88 & 0.26  & -0.45 & 0.00  & 0.03  & 0.03  & 0.02  & -0.04 & -0.02 & -0.01 & 0.01  \\
BBBEE\_Rank (5)         & -0.04 & -0.05 & -0.02 & -0.01 & 1.00  & -0.01 & 0.01  & 0.00  & -0.07 & -0.02 & 0.11  & 0.11  & -0.02 & 0.01  & -0.03 & -0.19 & 0.01  \\
SIZEIndex\_YR1 (6)      & -0.07 & 0.08  & 0.00  & 0.79  & -0.01 & 1.00  & -0.96 & -0.15 & -0.45 & -0.02 & 0.03  & 0.04  & 0.03  & 0.01  & -0.03 & -0.07 & 0.00  \\
MarketPremium\_YR1 (7)  & 0.08  & -0.11 & 0.02  & -0.88 & 0.01  & -0.96 & 1.00  & 0.08  & 0.49  & 0.02  & -0.04 & -0.04 & -0.03 & -0.01 & 0.04  & 0.07  & -0.01 \\
RiskFreeReturn\_YR1 (8) & 0.03  & -0.03 & 0.00  & 0.26  & 0.00  & -0.15 & 0.08  & 1.00  & 0.02  & 0.03  & 0.00  & 0.00  & -0.04 & -0.09 & 0.04  & 0.10  & -0.03 \\
SharePriceReturn\_YR1 (9) & 0.12  & -0.06 & 0.07  & -0.45 & -0.07 & -0.45 & 0.49  & 0.02  & 1.00  & 0.00  & 0.03  & 0.00  & 0.04  & -0.06 & 0.02  & 0.00  & -0.01 \\
Consumer Goods (10)     & -0.06 & 0.12  & 0.02  & 0.00  & -0.02 & -0.02 & 0.02  & 0.03  & 0.00  & 1.00  & -0.16 & -0.09 & -0.06 & -0.16 & -0.11 & -0.11 & -0.06 \\
Financials (11)         & -0.05 & 0.10  & 0.00  & 0.03  & 0.11  & 0.03  & -0.04 & 0.00  & 0.03  & -0.16 & 1.00  & -0.18 & -0.12 & -0.32 & -0.22 & -0.22 & -0.11 \\
Technology (12)         & -0.01 & -0.13 & -0.01 & 0.03  & 0.11  & 0.04  & -0.04 & 0.00  & 0.00  & -0.09 & -0.18 & 1.00  & -0.07 & -0.18 & -0.13 & -0.13 & -0.06 \\
Healthcare (13)         & -0.04 & 0.00  & 0.01  & 0.02  & -0.02 & 0.03  & -0.03 & -0.04 & 0.04  & -0.06 & -0.12 & -0.07 & 1.00  & -0.12 & -0.08 & -0.08 & -0.04 \\
Industrials (14)        & 0.06  & -0.17 & -0.06 & -0.04 & 0.01  & 0.01  & -0.01 & -0.09 & -0.06 & -0.16 & -0.32 & -0.18 & -0.12 & 1.00  & -0.23 & -0.22 & -0.11 \\
Consumer Services (15)  & -0.05 & -0.05 & 0.03  & -0.02 & -0.03 & -0.03 & 0.04  & 0.04  & 0.02  & -0.11 & -0.22 & -0.13 & -0.08 & -0.23 & 1.00  & -0.16 & -0.08 \\
Basic Materials (16)    & 0.13  & 0.04  & 0.01  & -0.01 & -0.19 & -0.07 & 0.07  & 0.10  & 0.00  & -0.11 & -0.22 & -0.13 & -0.08 & -0.22 & -0.16 & 1.00  & -0.07 \\
Telecommunications (17) & -0.02 & 0.20  & 0.01  & 0.01  & 0.01  & 0.00  & -0.01 & -0.03 & -0.01 & -0.06 & -0.11 & -0.06 & -0.04 & -0.11 & -0.08 & -0.07 & 1.00 
           \\ 
   \bottomrule
\end{tabular}}
\end{sidewaystable}

\begin{sidewaystable}
\centering
\caption{Correlation matrix 4 year} 
\resizebox{\textwidth}{!}{\begin{tabular}{rrrrrrrrrrrrrrrrrr}
  \bottomrule
      & 1     & 2     & 3     & 4     & 5     & 6     & 7     & 8     & 9     & 10    & 11    & 12    & 13    & 14    & 15    & 16    & 17   \\
  \midrule
BMRatio (1)                  & 1.00  & -0.08 & -0.02 & 0.00  & -0.04 & -0.05 & 0.06  & 0.04  & 0.09  & -0.06 & -0.05 & -0.01 & -0.04 & 0.06  & -0.05 & 0.13  & -0.02 \\
SIZERatio (2)                & -0.08 & 1.00  & 0.03  & 0.07  & -0.05 & 0.05  & -0.14 & -0.02 & -0.05 & 0.12  & 0.10  & -0.13 & 0.00  & -0.17 & -0.05 & 0.04  & 0.20  \\
EPRatio (3)                 & -0.02 & 0.03  & 1.00  & -0.03 & -0.02 & -0.01 & 0.05  & 0.00  & 0.07  & 0.02  & 0.00  & -0.01 & 0.01  & -0.06 & 0.03  & 0.01  & 0.01  \\
BMIndex\_YR1 (4)        & 0.00  & 0.07  & -0.03 & 1.00  & 0.00  & 0.33  & -0.55 & 0.80  & -0.22 & 0.03  & 0.00  & 0.01  & -0.03 & -0.11 & 0.00  & 0.09  & 0.02  \\
BBBEE\_Rank (5)         & -0.04 & -0.05 & -0.02 & 0.00  & 1.00  & -0.01 & 0.01  & 0.00  & -0.06 & -0.02 & 0.11  & 0.11  & -0.02 & 0.01  & -0.03 & -0.19 & 0.01  \\
SIZEIndex\_YR1 (6)      & -0.05 & 0.05  & -0.01 & 0.33  & -0.01 & 1.00  & -0.86 & 0.07  & -0.29 & -0.01 & 0.03  & 0.05  & 0.02  & -0.03 & -0.02 & -0.02 & 0.00  \\
MarketPremium\_YR1 (7)  & 0.06  & -0.14 & 0.05  & -0.55 & 0.01  & -0.86 & 1.00  & -0.10 & 0.35  & 0.01  & -0.03 & -0.04 & -0.02 & 0.02  & 0.04  & 0.03  & -0.02 \\
RiskFreeReturn\_YR1 (8) & 0.04  & -0.02 & 0.00  & 0.80  & 0.00  & 0.07  & -0.10 & 1.00  & -0.06 & 0.04  & -0.01 & 0.00  & -0.04 & -0.11 & 0.04  & 0.11  & -0.01 \\
SharePriceReturn\_YR1 (9) & 0.09  & -0.05 & 0.07  & -0.22 & -0.06 & -0.29 & 0.35  & -0.06 & 1.00  & 0.01  & 0.04  & 0.01  & 0.06  & -0.07 & 0.01  & -0.01 & -0.02 \\
Consumer Goods (10)     & -0.06 & 0.12  & 0.02  & 0.03  & -0.02 & -0.01 & 0.01  & 0.04  & 0.01  & 1.00  & -0.16 & -0.09 & -0.06 & -0.16 & -0.11 & -0.11 & -0.06 \\
Financials (11)         & -0.05 & 0.10  & 0.00  & 0.00  & 0.11  & 0.03  & -0.03 & -0.01 & 0.04  & -0.16 & 1.00  & -0.18 & -0.12 & -0.32 & -0.22 & -0.22 & -0.11 \\
Technology (12)         & -0.01 & -0.13 & -0.01 & 0.01  & 0.11  & 0.05  & -0.04 & 0.00  & 0.01  & -0.09 & -0.18 & 1.00  & -0.07 & -0.18 & -0.13 & -0.13 & -0.06 \\
Healthcare (13)         & -0.04 & 0.00  & 0.01  & -0.03 & -0.02 & 0.02  & -0.02 & -0.04 & 0.06  & -0.06 & -0.12 & -0.07 & 1.00  & -0.12 & -0.08 & -0.08 & -0.04 \\
Industrials (14)        & 0.06  & -0.17 & -0.06 & -0.11 & 0.01  & -0.03 & 0.02  & -0.11 & -0.07 & -0.16 & -0.32 & -0.18 & -0.12 & 1.00  & -0.23 & -0.22 & -0.11 \\
Consumer Services (15)  & -0.05 & -0.05 & 0.03  & 0.00  & -0.03 & -0.02 & 0.04  & 0.04  & 0.01  & -0.11 & -0.22 & -0.13 & -0.08 & -0.23 & 1.00  & -0.16 & -0.08 \\
Basic Materials (16)    & 0.13  & 0.04  & 0.01  & 0.09  & -0.19 & -0.02 & 0.03  & 0.11  & -0.01 & -0.11 & -0.22 & -0.13 & -0.08 & -0.22 & -0.16 & 1.00  & -0.07 \\
Telecommunications (17) & -0.02 & 0.20  & 0.01  & 0.02  & 0.01  & 0.00  & -0.02 & -0.01 & -0.02 & -0.06 & -0.11 & -0.06 & -0.04 & -0.11 & -0.08 & -0.07 & 1.00 
           \\ 
   \bottomrule
\end{tabular}}
\end{sidewaystable}

\begin{sidewaystable}
\centering
\caption{Correlation matrix 5 year} 
\resizebox{\textwidth}{!}{\begin{tabular}{rrrrrrrrrrrrrrrrrr}
  \bottomrule
      & 1     & 2     & 3     & 4     & 5     & 6     & 7     & 8     & 9     & 10    & 11    & 12    & 13    & 14    & 15    & 16    & 17   \\
  \midrule
BMRatio (1)                  & 1.00  & -0.08 & -0.02 & 0.03  & -0.04 & 0.00  & 0.04  & 0.05  & 0.06  & -0.06 & -0.05 & -0.01 & -0.04 & 0.06  & -0.05 & 0.13  & -0.02 \\
SIZERatio (2)                & -0.08 & 1.00  & 0.03  & 0.02  & -0.05 & 0.02  & -0.13 & -0.01 & -0.04 & 0.12  & 0.10  & -0.13 & 0.00  & -0.17 & -0.05 & 0.04  & 0.20  \\
EPRatio (3)                 & -0.02 & 0.03  & 1.00  & 0.00  & -0.02 & -0.02 & 0.00  & 0.00  & 0.08  & 0.02  & 0.00  & -0.01 & 0.01  & -0.06 & 0.03  & 0.01  & 0.01  \\
BMIndex\_YR1 (4)        & 0.03  & 0.02  & 0.00  & 1.00  & 0.00  & 0.68  & -0.55 & 0.88  & -0.14 & 0.03  & -0.01 & -0.01 & -0.04 & -0.11 & 0.02  & 0.12  & 0.01  \\
BBBEE\_Rank (5)         & -0.04 & -0.05 & -0.02 & 0.00  & 1.00  & -0.01 & 0.00  & 0.00  & 0.00  & -0.02 & 0.11  & 0.11  & -0.02 & 0.01  & -0.03 & -0.19 & 0.01  \\
SIZEIndex\_YR1 (6)      & 0.00  & 0.02  & -0.02 & 0.68  & -0.01 & 1.00  & -0.69 & 0.50  & -0.18 & 0.02  & 0.01  & 0.03  & -0.02 & -0.10 & 0.00  & 0.07  & 0.00  \\
MarketPremium\_YR1 (7)  & 0.04  & -0.13 & 0.00  & -0.55 & 0.00  & -0.69 & 1.00  & -0.23 & 0.27  & 0.01  & -0.02 & -0.03 & 0.00  & 0.05  & 0.03  & -0.03 & -0.02 \\
RiskFreeReturn\_YR1 (8) & 0.05  & -0.01 & 0.00  & 0.88  & 0.00  & 0.50  & -0.23 & 1.00  & -0.06 & 0.06  & -0.02 & -0.02 & -0.04 & -0.12 & 0.04  & 0.13  & -0.01 \\
SharePriceReturn\_YR1 (9) & 0.06  & -0.04 & 0.08  & -0.14 & 0.00  & -0.18 & 0.27  & -0.06 & 1.00  & 0.03  & 0.07  & 0.04  & 0.07  & -0.10 & 0.00  & -0.06 & -0.03 \\
Consumer Goods (10)     & -0.06 & 0.12  & 0.02  & 0.03  & -0.02 & 0.02  & 0.01  & 0.06  & 0.03  & 1.00  & -0.16 & -0.09 & -0.06 & -0.16 & -0.11 & -0.11 & -0.06 \\
Financials (11)         & -0.05 & 0.10  & 0.00  & -0.01 & 0.11  & 0.01  & -0.02 & -0.02 & 0.07  & -0.16 & 1.00  & -0.18 & -0.12 & -0.32 & -0.22 & -0.22 & -0.11 \\
Technology (12)         & -0.01 & -0.13 & -0.01 & -0.01 & 0.11  & 0.03  & -0.03 & -0.02 & 0.04  & -0.09 & -0.18 & 1.00  & -0.07 & -0.18 & -0.13 & -0.13 & -0.06 \\
Healthcare (13)         & -0.04 & 0.00  & 0.01  & -0.04 & -0.02 & -0.02 & 0.00  & -0.04 & 0.07  & -0.06 & -0.12 & -0.07 & 1.00  & -0.12 & -0.08 & -0.08 & -0.04 \\
Industrials (14)        & 0.06  & -0.17 & -0.06 & -0.11 & 0.01  & -0.10 & 0.05  & -0.12 & -0.10 & -0.16 & -0.32 & -0.18 & -0.12 & 1.00  & -0.23 & -0.22 & -0.11 \\
Consumer Services (15)  & -0.05 & -0.05 & 0.03  & 0.02  & -0.03 & 0.00  & 0.03  & 0.04  & 0.00  & -0.11 & -0.22 & -0.13 & -0.08 & -0.23 & 1.00  & -0.16 & -0.08 \\
Basic Materials (16)    & 0.13  & 0.04  & 0.01  & 0.12  & -0.19 & 0.07  & -0.03 & 0.13  & -0.06 & -0.11 & -0.22 & -0.13 & -0.08 & -0.22 & -0.16 & 1.00  & -0.07 \\
Telecommunications (17) & -0.02 & 0.20  & 0.01  & 0.01  & 0.01  & 0.00  & -0.02 & -0.01 & -0.03 & -0.06 & -0.11 & -0.06 & -0.04 & -0.11 & -0.08 & -0.07 & 1.00
           \\ 
   \bottomrule
\end{tabular}}
\end{sidewaystable}
\begin{sidewaystable}
\centering
\caption{Correlation matrix 1 year - outlier adjusted} 
\resizebox{\textwidth}{!}{\begin{tabular}{rrrrrrrrrrrrrrrrrr}
  \bottomrule
      & 1     & 2     & 3     & 4     & 5     & 6     & 7     & 8     & 9     & 10    & 11    & 12    & 13    & 14    & 15    & 16    & 17   \\
  \midrule
BMRatio (1)                  & 1.00  & -0.23 & -0.08 & 0.02  & -0.02 & 0.03  & -0.10 & 0.06  & -0.17 & -0.13 & -0.07 & 0.02  & -0.10 & 0.24  & -0.10 & 0.04  & -0.02 \\
SIZERatio (2)                & -0.23 & 1.00  & 0.04  & 0.00  & -0.03 & 0.04  & -0.01 & -0.08 & 0.06  & 0.08  & 0.21  & -0.18 & 0.02  & -0.22 & -0.11 & 0.04  & 0.29  \\
EPRatio (3)                 & -0.08 & 0.04  & 1.00  & 0.05  & -0.02 & 0.04  & 0.05  & 0.00  & 0.09  & 0.02  & 0.00  & -0.01 & 0.01  & -0.06 & 0.03  & 0.01  & 0.01  \\
BMIndex\_YR1 (4)        & 0.02  & 0.00  & 0.05  & 1.00  & 0.00  & 0.53  & -0.34 & -0.12 & -0.16 & 0.00  & 0.08  & 0.05  & 0.00  & -0.01 & -0.06 & -0.05 & -0.02 \\
BBBEE\_Rank (5)         & -0.02 & -0.03 & -0.02 & 0.00  & 1.00  & 0.00  & 0.00  & 0.00  & -0.01 & -0.02 & 0.11  & 0.11  & -0.02 & 0.01  & -0.03 & -0.19 & 0.01  \\
SIZEIndex\_YR1 (6)      & 0.03  & 0.04  & 0.04  & 0.53  & 0.00  & 1.00  & -0.65 & -0.29 & -0.24 & -0.03 & 0.06  & 0.04  & 0.02  & 0.06  & -0.06 & -0.10 & -0.01 \\
MarketPremium\_YR1 (7)  & -0.10 & -0.01 & 0.05  & -0.34 & 0.00  & -0.65 & 1.00  & -0.27 & 0.46  & 0.06  & 0.00  & 0.01  & -0.01 & -0.11 & 0.01  & 0.08  & 0.01  \\
RiskFreeReturn\_YR1 (8) & 0.06  & -0.08 & 0.00  & -0.12 & 0.00  & -0.29 & -0.27 & 1.00  & -0.05 & 0.02  & -0.03 & -0.01 & -0.03 & -0.05 & 0.05  & 0.07  & -0.02 \\
SharePriceReturn\_YR1 (9) & -0.17 & 0.06  & 0.09  & -0.16 & -0.01 & -0.24 & 0.46  & -0.05 & 1.00  & 0.05  & 0.02  & -0.05 & 0.03  & -0.13 & 0.06  & 0.05  & 0.04  \\
Consumer Goods (10)     & -0.13 & 0.08  & 0.02  & 0.00  & -0.02 & -0.03 & 0.06  & 0.02  & 0.05  & 1.00  & -0.16 & -0.09 & -0.06 & -0.16 & -0.11 & -0.11 & -0.06 \\
Financials (11)         & -0.07 & 0.21  & 0.00  & 0.08  & 0.11  & 0.06  & 0.00  & -0.03 & 0.02  & -0.16 & 1.00  & -0.18 & -0.12 & -0.32 & -0.22 & -0.22 & -0.11 \\
Technology (12)         & 0.02  & -0.18 & -0.01 & 0.05  & 0.11  & 0.04  & 0.01  & -0.01 & -0.05 & -0.09 & -0.18 & 1.00  & -0.07 & -0.18 & -0.13 & -0.13 & -0.06 \\
Healthcare (13)         & -0.10 & 0.02  & 0.01  & 0.00  & -0.02 & 0.02  & -0.01 & -0.03 & 0.03  & -0.06 & -0.12 & -0.07 & 1.00  & -0.12 & -0.08 & -0.08 & -0.04 \\
Industrials (14)        & 0.24  & -0.22 & -0.06 & -0.01 & 0.01  & 0.06  & -0.11 & -0.05 & -0.13 & -0.16 & -0.32 & -0.18 & -0.12 & 1.00  & -0.23 & -0.22 & -0.11 \\
Consumer Services (15)  & -0.10 & -0.11 & 0.03  & -0.06 & -0.03 & -0.06 & 0.01  & 0.05  & 0.06  & -0.11 & -0.22 & -0.13 & -0.08 & -0.23 & 1.00  & -0.16 & -0.08 \\
Basic Materials (16)    & 0.04  & 0.04  & 0.01  & -0.05 & -0.19 & -0.10 & 0.08  & 0.07  & 0.05  & -0.11 & -0.22 & -0.13 & -0.08 & -0.22 & -0.16 & 1.00  & -0.07 \\
Telecommunications (17) & -0.02 & 0.29  & 0.01  & -0.02 & 0.01  & -0.01 & 0.01  & -0.02 & 0.04  & -0.06 & -0.11 & -0.06 & -0.04 & -0.11 & -0.08 & -0.07 & 1.00
           \\ 
   \bottomrule
\end{tabular}}
\end{sidewaystable}
